32 32 32 32 32 32 32 32 32 32 32 32 32 32 32 32 32 32 32 32 32 32 32 32 32 32 32 32 32 32 32 32 32 32 32 32 32 32 32 32 32 32 32 32 32 32 32 32 32 32 
32 32 32 32 32 32 32 32 32 32 32 32 32 32 32 32 32 32 32 32 32 32 32 32 32 32 32 32 32 32 32 32 32 32 32 32 32 32 32 32 32 32 32 32 32 32 32 32 32 32 
32 32 32 32 17 17 17 17 17 17 34 17 17 17 17 17 17 17 17 17 17 17 17 34 17 17 2 2 17 17 17 32 17 17 17 17 17 17 34 34 17 34 34 2 34 34 34 34 32 32 
32 32 32 32 17 34 34 17 34 17 17 17 34 34 17 34 34 34 34 34 2 34 17 17 34 17 34 17 17 17 34 34 17 17 2 2 34 34 34 34 34 34 34 34 34 34 34 34 32 32 
32 32 32 32 17 34 17 17 17 17 2 2 17 17 2 17 17 2 2 34 17 17 17 32 32 32 32 32 32 32 32 32 17 17 17 34 34 1 34 34 34 34 34 34 34 34 34 34 32 32 
32 32 32 32 17 17 34 17 2 17 34 17 17 34 2 17 17 2 17 17 34 34 17 32 17 17 2 34 34 17 32 32 17 34 34 34 34 34 34 34 34 34 34 34 34 2 34 34 32 32 
32 32 32 32 17 17 34 17 17 17 17 17 17 17 17 17 17 34 17 17 34 34 34 32 34 34 2 17 34 17 32 32 34 34 34 2 2 34 34 17 34 34 34 34 2 2 34 34 32 32 
32 32 32 32 17 34 17 17 17 32 32 32 32 32 32 32 32 32 17 17 34 17 17 32 34 34 2 17 34 34 32 32 34 34 1 2 2 34 34 34 34 17 34 34 34 34 34 34 32 32 
32 32 32 32 17 17 2 17 17 32 32 32 32 32 32 32 32 32 17 17 17 34 34 32 17 17 34 34 34 17 32 32 34 2 2 2 1 1 34 34 34 34 34 34 34 17 34 34 32 32 
32 32 32 32 17 34 2 34 17 32 32 32 32 32 32 32 32 32 32 32 32 32 32 32 17 17 17 34 17 17 32 32 34 2 34 17 34 34 34 34 34 34 2 2 2 34 34 34 32 32 
32 32 32 32 34 17 17 34 17 17 17 34 2 17 17 17 17 17 17 17 17 17 17 32 17 2 17 34 17 17 32 32 32 32 32 32 32 32 32 32 32 32 32 32 34 32 32 32 32 32 
32 32 32 32 17 17 34 34 17 17 17 17 17 17 2 17 34 34 17 34 34 34 17 32 17 17 34 17 17 2 32 32 34 17 34 17 17 2 17 17 34 34 34 17 34 2 2 34 32 32 
32 32 32 32 17 2 17 34 17 17 34 34 17 2 34 34 17 34 17 17 17 17 17 17 34 34 34 34 34 34 32 32 34 34 34 17 2 34 34 17 34 34 34 34 34 17 2 34 32 32 
32 32 32 32 17 2 17 34 17 17 2 34 34 17 17 34 17 17 17 34 17 34 17 32 17 34 34 17 2 2 32 32 34 2 2 34 34 34 34 34 34 2 34 34 34 34 2 34 32 32 
32 32 32 32 2 2 17 34 34 34 34 17 17 17 17 17 17 17 17 17 34 34 17 32 17 34 17 17 2 17 32 32 34 2 34 17 2 2 2 34 34 2 17 17 34 17 2 34 32 32 
32 32 32 32 17 34 34 34 34 32 32 32 32 32 32 32 32 32 32 32 32 32 32 32 17 34 17 34 34 17 32 32 34 34 34 2 2 34 34 34 34 34 34 34 34 17 34 34 32 32 
32 32 32 32 17 34 17 17 34 32 32 32 32 32 32 32 32 32 32 32 32 32 32 32 17 34 34 34 34 17 32 32 34 34 34 17 17 34 34 2 2 34 34 17 17 34 34 34 32 32 
32 32 32 32 17 34 2 17 17 32 32 32 32 32 32 32 32 32 32 32 32 32 32 32 34 34 17 34 34 17 32 32 34 34 34 34 34 34 34 2 34 34 2 17 34 34 34 34 32 32 
32 32 32 32 17 34 17 17 17 32 32 32 32 32 32 32 32 32 32 32 32 32 32 32 34 34 34 34 2 2 32 32 34 2 34 34 17 17 34 34 34 2 2 34 34 34 34 34 32 32 
32 32 32 32 17 34 17 17 17 32 32 32 32 32 32 32 32 32 32 32 32 32 32 32 17 2 17 17 2 34 32 32 34 34 34 34 17 34 34 17 17 34 34 34 34 34 2 34 32 32 
32 32 32 32 17 17 34 34 34 32 32 32 32 32 32 32 32 32 32 32 32 32 32 32 32 32 32 32 32 32 32 32 34 34 34 2 2 34 34 34 34 34 34 34 34 34 2 34 32 32 
32 32 32 32 17 2 2 17 17 32 32 32 32 32 32 32 32 32 32 32 32 32 32 32 32 32 32 32 32 32 32 32 34 17 34 34 17 17 34 34 34 34 34 34 2 34 34 34 32 32 
32 32 34 34 34 17 34 17 17 17 34 17 17 17 17 34 17 17 17 17 17 17 17 17 34 17 17 17 17 32 32 32 34 17 34 34 34 17 17 34 34 34 2 2 2 34 34 34 32 32 
32 32 17 17 2 17 34 34 17 17 34 34 34 17 34 34 34 17 17 17 34 17 34 17 34 34 17 34 34 32 32 32 34 34 34 34 34 34 34 34 17 2 34 34 34 34 34 34 32 32 
32 32 37 17 2 34 17 34 34 17 34 34 17 17 34 34 17 34 34 34 34 34 34 17 17 34 17 34 34 32 32 32 34 34 2 2 34 34 34 34 17 2 2 17 34 34 34 34 32 32 
32 32 34 17 34 34 17 17 34 34 34 34 34 34 34 34 17 17 34 17 17 34 34 17 34 34 17 17 17 32 32 32 34 17 34 2 17 34 34 2 2 2 34 17 17 34 34 34 32 32 
32 32 2 34 17 17 17 17 17 17 17 17 17 17 17 17 34 17 17 17 17 17 17 17 17 34 34 34 17 32 32 32 34 17 17 34 17 17 34 34 34 34 34 34 17 34 17 34 32 32 
32 32 32 32 32 32 32 32 32 32 32 32 32 17 34 34 17 17 32 32 32 32 32 32 17 17 17 34 17 32 32 32 34 34 34 34 34 34 34 34 34 34 34 34 17 17 17 34 32 32 
32 32 32 32 32 32 32 32 32 32 32 32 32 17 17 17 34 17 32 32 32 32 32 32 34 34 17 34 17 32 32 32 32 32 32 32 32 32 32 32 32 32 32 32 32 32 32 32 32 32 
32 32 32 32 32 32 32 32 32 32 32 32 32 17 17 34 34 17 32 32 32 32 32 32 34 17 17 17 17 17 17 17 17 17 17 17 17 32 32 32 32 32 32 32 32 32 32 32 32 32 
32 32 32 32 32 32 32 32 32 32 32 32 32 17 34 17 34 17 32 32 32 32 32 32 34 34 17 34 17 34 34 17 17 34 34 34 34 32 32 32 32 32 32 32 32 32 32 32 32 32 
32 32 32 32 32 32 32 32 32 32 32 32 32 17 34 17 34 17 32 32 32 32 32 32 17 34 17 17 34 34 34 17 17 34 17 34 34 32 32 32 32 32 32 32 32 32 32 32 32 32 
32 32 32 32 32 32 32 32 32 32 32 32 32 17 34 34 34 17 32 32 32 32 32 32 17 17 34 34 17 17 34 17 34 17 34 34 17 32 32 32 32 32 32 32 32 32 32 32 32 32 
32 32 32 32 32 32 32 32 32 32 32 32 32 17 17 34 34 17 32 32 32 32 32 32 17 17 17 34 34 17 17 17 17 17 17 34 34 32 32 32 32 32 32 32 32 32 32 32 32 32 
32 32 32 32 32 32 32 32 32 32 32 32 32 17 17 34 34 17 32 32 32 32 32 32 32 32 32 32 32 32 32 32 32 32 32 32 32 32 32 32 32 32 32 32 32 32 32 32 32 32 
32 32 17 17 17 17 17 17 17 17 17 17 17 17 17 34 34 17 34 34 34 17 17 17 17 17 17 17 17 17 17 17 17 17 17 17 17 17 2 34 34 17 17 17 34 34 17 17 32 32 
32 32 17 17 17 17 17 17 17 17 34 34 17 17 17 34 34 2 34 17 17 17 17 17 17 17 34 34 34 34 34 17 34 34 17 17 17 17 17 17 34 17 17 17 17 17 17 17 32 32 
32 32 17 17 17 17 17 17 17 17 17 17 17 34 17 17 34 2 34 34 2 2 34 17 17 17 17 17 17 17 2 2 17 34 17 17 17 17 2 34 34 17 2 17 2 17 17 17 32 32 
32 32 17 17 17 34 34 34 34 17 17 17 17 17 17 17 34 17 17 17 17 17 17 17 34 34 17 17 17 17 17 2 34 17 17 2 17 17 34 17 17 17 17 17 17 34 34 34 32 32 
32 32 17 17 17 34 17 17 17 17 17 17 17 17 34 17 17 17 17 17 17 17 17 17 34 17 17 17 17 17 17 17 17 17 17 17 17 17 34 17 17 17 17 34 17 17 17 17 32 32 
32 32 17 17 17 17 17 32 32 32 32 32 32 32 32 32 32 32 32 32 32 32 32 32 32 32 32 32 32 32 32 32 32 32 32 32 32 32 32 32 32 32 32 17 17 17 17 17 32 32 
32 32 17 34 17 17 17 32 32 32 32 32 32 32 32 32 32 32 32 32 32 32 32 32 32 32 32 32 32 32 32 32 32 32 32 32 32 32 32 32 32 32 32 17 34 2 17 17 32 32 
32 32 17 17 17 17 17 32 32 32 32 32 32 32 32 32 32 32 32 32 32 32 32 32 32 32 32 32 32 32 32 32 32 32 32 32 32 32 32 32 32 32 32 17 34 34 34 17 32 32 
32 32 17 34 17 17 17 32 32 32 32 32 32 32 32 32 32 32 32 32 32 32 32 32 32 32 32 32 32 32 32 32 32 32 32 32 32 32 32 32 32 32 32 17 17 17 2 17 32 32 
32 32 17 34 34 17 17 32 32 32 32 32 32 32 32 32 32 32 32 32 32 32 32 32 32 32 32 32 34 2 2 34 34 34 34 34 2 34 34 17 17 17 17 17 17 17 34 17 32 32 
32 32 17 17 17 17 17 17 17 17 17 17 34 17 17 17 34 34 17 17 32 32 32 32 32 32 32 32 2 34 34 34 34 34 34 34 2 2 34 34 2 2 34 17 34 34 2 17 32 32 
32 32 17 17 34 17 17 17 34 17 17 34 34 17 34 17 34 34 17 34 34 17 17 34 34 17 17 34 34 34 34 34 2 2 34 17 17 17 17 2 34 2 2 2 34 17 2 17 32 32 
32 32 17 17 17 17 17 17 17 17 17 17 17 17 17 17 17 34 34 34 32 32 32 32 32 32 32 32 34 34 34 17 17 34 34 34 34 34 34 2 34 17 34 2 34 2 2 17 32 32 
32 32 17 17 17 17 17 32 32 32 32 32 32 32 32 32 32 32 32 32 32 32 32 32 32 32 32 32 2 2 34 34 34 34 17 17 17 2 2 17 17 17 17 17 34 34 34 17 32 32 
32 32 32 32 32 32 32 32 32 32 32 32 32 32 32 32 32 32 32 32 32 32 32 32 32 32 32 32 32 32 32 32 32 32 32 32 32 32 32 32 32 32 32 32 32 32 32 32 32 32 
