32 32 32 32 32 32 32 32 32 32 32 32 32 32 32 32 32 32 32 32 32 32 32 32 32 32 32 32 32 32 32 32 32 32 32 32 32 32 32 32 32 32 32 32 32 32 32 32 32 32 
32 32 34 34 34 34 34 34 34 34 34 34 34 34 34 34 34 34 34 34 34 34 34 34 34 34 34 34 34 34 32 18 18 18 18 18 34 34 34 18 18 18 18 18 18 18 18 18 18 32 
32 32 34 34 34 34 34 34 34 34 18 18 34 34 34 34 34 34 34 34 34 34 34 34 34 34 34 34 34 34 32 18 34 34 34 34 34 34 34 34 34 34 34 34 34 34 18 18 18 32 
32 32 34 34 34 34 34 34 34 34 34 34 2 34 34 34 2 34 34 34 2 2 2 34 34 34 34 34 18 34 32 34 34 34 34 34 2 2 34 34 34 34 2 18 34 34 34 34 18 32 
32 32 34 34 34 34 34 34 34 34 34 34 34 34 34 34 34 34 34 34 2 34 34 34 34 34 34 34 34 34 32 34 18 34 2 34 34 34 18 18 18 34 34 18 34 34 34 34 18 32 
32 32 34 34 34 34 34 34 34 34 34 34 34 34 34 34 2 34 2 2 34 34 34 34 34 34 34 34 34 34 32 34 18 34 34 34 34 34 34 34 34 34 34 34 34 17 34 34 18 32 
32 32 18 34 34 34 34 32 32 32 32 32 32 32 32 2 34 34 18 18 32 32 32 32 32 32 32 32 32 32 32 18 18 34 2 34 34 18 34 34 34 34 34 17 34 18 34 34 18 32 
32 32 34 34 34 34 34 34 18 18 18 18 18 18 18 18 18 34 18 18 18 34 18 18 18 18 18 18 18 18 34 34 18 34 2 18 18 18 2 34 34 18 17 17 34 2 34 18 18 32 
32 32 34 34 34 34 34 34 18 18 34 34 34 18 34 18 18 18 18 34 18 18 18 34 18 18 34 34 18 34 34 34 2 34 34 34 17 34 34 34 34 34 34 34 34 34 34 18 18 32 
32 32 34 18 34 34 34 34 34 34 34 34 18 34 34 34 2 34 34 2 18 18 18 18 34 34 34 34 34 34 34 18 34 34 34 34 34 17 17 34 34 2 34 34 34 34 34 34 18 32 
32 32 34 18 34 34 34 34 34 18 18 34 2 34 34 18 34 34 34 34 18 34 34 34 2 34 34 34 34 34 2 18 18 34 34 18 18 34 17 17 18 18 2 34 34 34 2 34 18 32 
32 32 34 34 18 34 34 34 18 18 34 34 34 18 18 18 18 18 18 34 34 34 18 18 34 34 18 18 18 18 18 34 18 34 34 34 34 34 34 17 34 18 34 34 34 18 34 34 18 32 
32 32 32 32 32 32 32 32 32 23 18 2 18 24 32 32 32 32 32 32 32 23 34 34 34 24 32 32 32 32 32 34 18 18 2 34 34 34 34 34 34 34 17 2 34 34 34 18 18 32 
32 32 32 32 32 32 32 32 32 23 34 34 18 24 32 32 32 32 32 32 32 23 34 34 18 24 32 32 32 32 32 18 34 34 34 34 2 34 34 34 34 34 17 34 34 34 34 18 18 32 
32 32 32 32 32 32 32 32 32 23 34 34 18 24 32 32 32 32 32 32 32 23 18 34 34 24 32 32 32 32 32 18 18 18 18 34 2 34 18 2 2 34 34 34 34 34 34 18 18 32 
32 32 32 32 32 32 32 32 32 23 18 34 34 24 32 32 32 32 32 32 32 23 18 34 34 24 32 32 32 32 32 32 32 32 32 32 32 32 32 32 32 32 32 32 32 32 32 32 32 32 
32 20 34 34 21 21 21 21 21 31 34 2 34 30 21 21 21 21 21 21 21 31 18 18 34 30 21 21 21 21 21 21 21 21 21 21 21 21 21 21 21 21 21 21 21 21 21 21 21 21 
32 23 34 34 18 18 18 18 18 18 34 2 18 18 18 18 18 18 18 18 18 18 18 18 34 18 34 18 18 34 34 18 18 18 18 18 18 18 18 18 18 18 18 18 18 18 18 18 18 18 
32 23 34 34 2 34 18 34 34 34 17 34 34 18 18 18 18 18 18 18 18 18 18 18 18 34 34 18 18 18 34 18 18 18 18 18 18 18 18 18 18 18 18 18 18 18 18 18 34 18 
32 23 34 17 34 34 34 34 34 34 2 2 34 34 18 18 34 34 18 18 18 18 18 18 18 18 34 18 18 18 18 18 18 18 18 18 18 18 18 18 18 18 34 18 18 2 18 18 34 18 
32 23 34 34 18 34 18 18 18 18 18 18 18 18 18 18 18 18 18 18 18 34 34 18 18 18 34 18 18 34 18 18 18 18 18 18 18 18 18 18 18 18 18 18 18 2 2 34 34 18 
32 23 2 17 18 28 26 26 26 26 26 26 26 26 26 29 18 18 18 28 26 34 34 26 26 34 34 26 26 26 26 26 26 26 26 26 26 26 26 26 26 18 18 34 18 34 34 26 26 26 
32 23 34 34 18 24 32 32 32 34 32 32 32 32 32 23 18 18 18 24 32 32 32 32 32 32 32 32 32 32 32 32 32 32 32 32 32 32 32 32 32 34 18 34 2 34 32 32 32 32 
32 23 17 18 18 24 32 17 34 34 17 17 32 34 1 25 26 26 26 27 2 1 34 34 34 34 34 34 32 34 34 34 32 32 32 32 32 32 34 34 34 34 34 2 34 34 34 34 34 32 
32 23 34 34 34 24 32 17 34 34 2 17 32 17 34 34 1 34 2 34 34 34 17 34 17 17 34 34 32 34 34 34 32 32 32 32 32 32 34 34 34 34 34 34 34 34 34 2 34 32 
32 23 18 18 17 24 32 17 34 2 2 17 32 34 34 37 34 34 34 17 34 34 34 34 17 34 34 34 34 34 34 34 32 32 32 32 32 32 34 34 34 34 34 34 2 2 34 34 34 32 
32 23 34 34 2 24 32 17 34 2 34 17 32 17 34 37 34 34 34 34 34 34 34 34 34 34 34 34 32 34 34 34 32 34 34 34 34 32 34 34 34 34 34 34 34 34 2 34 34 32 
32 23 34 18 18 24 32 17 34 2 34 34 32 34 34 34 34 34 34 17 34 34 34 34 34 34 34 34 32 34 34 34 32 34 34 34 34 34 34 34 34 34 34 34 34 34 34 34 34 32 
32 23 34 34 34 24 32 34 34 34 34 32 32 32 32 32 32 32 32 32 32 32 34 34 34 34 34 32 32 32 32 32 32 34 34 34 34 32 34 34 34 34 34 34 2 34 2 34 34 32 
32 23 18 18 34 24 32 34 34 2 34 34 32 32 32 32 32 32 32 32 32 32 34 34 34 34 34 32 32 32 32 32 34 34 34 34 34 32 34 34 34 17 34 2 34 34 34 34 17 32 
32 23 18 34 34 24 32 34 2 34 34 17 32 32 32 32 32 32 32 32 32 32 34 34 34 34 34 32 32 32 32 32 34 34 34 34 34 32 34 17 34 2 2 34 34 34 34 34 34 32 
32 32 32 34 32 32 32 34 34 34 34 34 32 34 34 34 32 34 34 34 34 32 34 34 34 34 34 32 32 32 32 32 34 34 34 34 34 32 34 34 34 17 2 2 17 17 17 17 34 32 
32 23 17 17 18 24 32 34 34 34 34 2 32 34 17 17 34 34 34 17 34 32 17 34 34 34 34 32 32 32 32 32 32 32 32 32 32 32 32 32 32 34 34 34 34 17 32 32 32 32 
32 23 34 34 34 24 32 34 34 34 34 34 32 34 34 34 34 34 34 34 34 32 34 34 34 34 17 32 34 34 34 34 34 34 34 34 32 32 32 32 32 34 34 34 2 34 32 32 32 32 
32 23 18 34 34 24 32 34 2 2 17 34 32 34 34 34 34 34 34 34 34 34 34 34 34 34 17 32 34 34 34 34 34 17 34 34 32 32 32 32 32 34 34 34 34 34 32 32 32 32 
32 23 18 17 2 24 32 34 2 2 2 34 32 34 34 34 34 34 34 34 34 34 34 34 34 17 17 34 34 34 17 34 34 34 34 34 32 32 32 32 32 34 34 34 34 34 32 32 32 32 
32 23 18 17 17 2 34 2 34 2 34 17 32 34 17 34 17 34 34 34 17 32 34 34 34 34 17 34 34 34 34 34 34 34 34 34 32 32 32 32 32 34 34 34 34 34 32 32 32 32 
32 23 18 17 18 34 32 17 34 2 34 34 32 34 34 34 34 34 34 34 34 32 17 34 34 34 34 32 34 34 34 34 34 34 34 34 32 32 32 32 32 17 34 34 34 34 32 32 32 32 
32 23 2 18 18 24 32 17 34 34 2 34 32 34 34 34 34 34 32 34 34 32 34 34 34 2 17 32 34 34 34 34 34 34 34 34 32 32 32 32 32 17 34 34 34 17 32 32 32 32 
32 23 18 18 18 24 32 17 34 1 2 34 32 32 32 32 32 32 32 32 32 32 34 34 2 2 34 32 32 32 32 32 32 32 32 32 32 32 32 32 32 34 34 34 34 34 32 32 32 32 
32 23 18 18 18 24 32 34 34 1 2 17 34 17 34 17 2 17 2 2 17 17 34 34 2 34 2 32 34 34 34 34 34 34 34 34 34 34 34 34 34 34 34 34 34 34 34 34 34 32 
32 23 18 18 18 24 32 34 34 34 1 1 17 34 34 34 34 34 2 2 2 2 2 2 2 34 2 32 34 34 34 34 34 34 34 34 34 34 34 34 34 34 34 34 34 34 34 34 34 32 
32 23 18 18 18 24 32 34 34 34 34 17 2 34 34 2 2 2 34 2 2 2 34 34 34 34 2 34 34 34 34 34 34 34 34 34 34 34 34 34 34 34 34 34 34 34 34 34 34 32 
32 23 18 18 18 24 32 34 34 34 34 34 34 17 2 2 17 2 2 34 34 34 34 34 34 2 2 34 34 34 34 34 34 34 34 34 34 34 34 34 34 34 34 34 34 34 34 34 34 32 
32 25 26 26 26 27 32 17 34 34 17 17 17 2 2 2 17 17 17 17 2 2 2 34 34 34 2 32 34 34 34 34 34 34 34 34 34 34 34 34 34 34 34 34 34 34 34 34 34 32 
32 32 32 32 32 32 32 32 32 32 32 32 32 32 32 32 32 32 32 32 32 32 34 34 34 34 34 32 32 32 32 32 32 32 32 32 32 34 34 34 34 34 34 34 34 34 34 34 34 32 
18 18 18 18 18 18 18 18 18 18 34 34 34 34 34 34 34 34 34 34 34 34 34 34 34 34 34 34 34 34 34 34 18 18 18 18 32 34 34 34 34 34 34 34 34 34 34 34 34 32 
18 18 18 18 18 18 18 18 18 18 18 34 34 34 18 18 34 18 18 18 18 18 34 34 34 34 34 18 34 34 34 34 34 18 34 34 32 34 34 34 34 34 34 34 34 34 34 34 34 32 
18 18 18 18 18 18 18 18 18 18 18 18 18 18 18 18 18 18 18 18 18 18 18 18 34 34 18 18 18 18 18 18 34 34 34 18 32 34 34 34 34 34 34 34 34 34 34 34 34 32 
18 18 18 18 18 18 18 18 18 18 18 18 18 18 18 18 18 18 18 18 18 18 18 18 18 18 18 18 18 18 18 18 18 18 18 18 32 32 32 32 32 32 32 32 32 32 32 32 32 32 
