16 16 16 16 16 16 16 16 16 16 16 16 16 16 16 16 16 16 16 16 16 16 16 16 16 16 16 16 16 16 16 16 16 16 16 16 16 16 16 16 16 16 16 16 16 16 16 16 16 16 
16 16 16 16 16 16 16 16 16 16 16 16 16 16 16 32 32 32 32 32 32 32 32 32 32 32 32 32 32 32 32 32 32 32 32 1 16 16 16 16 16 16 16 16 16 1 1 1 1 16 
16 16 16 16 16 16 16 16 16 16 16 16 16 16 16 32 34 34 34 34 34 34 34 34 34 34 34 34 34 34 34 34 34 34 32 1 16 16 16 16 16 16 16 16 16 1 1 1 1 16 
16 16 16 16 16 16 32 32 32 32 32 32 32 32 32 32 34 34 34 34 34 34 34 34 34 34 34 34 34 34 34 34 34 34 32 1 16 16 16 16 16 16 16 16 16 1 1 1 1 16 
16 16 16 16 16 16 32 34 34 34 34 34 34 34 34 34 34 34 34 34 34 34 34 34 34 34 34 34 34 34 34 34 34 34 32 1 16 16 16 16 16 16 16 1 1 1 1 1 1 16 
16 16 16 16 16 16 32 34 34 34 34 34 34 34 34 32 34 34 34 34 34 34 34 34 37 34 34 34 34 34 34 34 34 34 34 1 16 16 16 16 16 16 16 1 16 16 16 16 16 16 
16 16 16 16 16 12 32 34 34 32 32 32 32 32 32 32 34 34 34 34 34 34 34 34 37 34 34 34 34 34 34 34 34 34 32 1 16 16 16 16 16 16 16 1 16 16 16 16 16 16 
16 16 16 16 12 11 32 34 34 32 34 34 34 34 34 32 34 34 34 34 34 34 34 34 34 34 34 34 34 34 34 34 34 34 32 1 16 16 16 16 16 16 16 1 16 16 16 16 16 16 
16 16 16 12 11 3 32 34 34 32 34 34 34 34 34 32 34 34 34 34 34 34 34 34 34 34 34 34 34 34 34 34 34 34 32 1 16 16 16 16 16 16 16 1 16 16 16 16 16 16 
16 16 12 11 3 3 32 34 34 32 34 34 34 34 34 32 34 34 34 34 34 34 34 34 34 34 34 34 34 34 34 34 34 34 32 1 16 16 16 12 10 10 10 10 1 16 16 16 16 16 
16 12 11 3 32 32 32 34 34 32 32 32 34 34 34 32 32 32 32 32 32 32 32 32 34 34 32 32 32 32 32 32 32 32 32 1 16 16 12 11 3 3 3 3 9 13 16 16 16 16 
16 8 3 3 32 34 34 34 34 34 34 32 34 34 34 34 34 34 32 16 16 16 8 3 3 3 3 7 16 16 16 32 1 1 1 1 16 12 11 3 3 3 3 3 3 9 13 16 16 16 
16 8 3 3 32 34 34 34 34 34 34 32 34 34 34 34 34 34 32 16 16 16 8 3 3 3 3 7 16 16 16 32 1 16 16 16 1 11 3 3 3 3 3 3 3 3 9 13 16 16 
16 8 3 3 32 34 34 34 34 34 34 32 32 32 34 34 32 32 32 10 10 10 11 3 3 3 3 7 16 16 16 32 1 16 16 16 8 3 3 3 3 3 3 3 3 3 3 7 16 16 
16 8 3 3 32 34 34 34 34 34 34 32 34 34 34 34 34 34 34 3 3 3 3 3 3 3 3 7 16 16 16 32 1 16 16 16 8 3 3 3 3 3 3 3 3 3 3 7 16 16 
16 8 3 3 32 34 34 34 34 34 34 32 34 34 34 34 34 34 34 3 3 3 3 3 3 3 3 7 16 16 16 32 1 16 16 16 8 3 3 3 3 3 3 3 3 3 3 7 16 16 
16 8 3 3 32 34 34 34 34 34 34 32 32 32 32 32 32 32 32 5 5 5 6 3 3 3 3 7 16 16 16 32 1 16 16 16 8 3 3 3 3 3 3 3 3 3 3 7 16 16 
16 8 3 3 32 34 34 34 34 34 34 32 3 3 7 16 16 1 32 16 16 16 8 3 3 3 3 7 16 16 16 32 1 16 16 16 8 3 3 3 3 3 3 3 3 3 3 7 16 16 
16 8 3 3 32 34 34 34 34 34 34 32 3 3 7 16 16 1 32 32 32 32 32 32 32 32 32 32 32 32 32 32 1 16 16 16 14 6 3 3 3 3 3 3 3 3 4 15 16 16 
16 8 3 3 32 32 32 34 34 32 32 32 3 3 7 16 16 1 1 14 6 3 3 3 3 3 3 3 3 4 15 1 1 16 16 16 16 14 6 3 3 3 3 3 3 4 15 16 16 16 
16 1 6 3 3 3 3 3 3 3 3 3 3 4 15 16 16 16 16 16 14 6 3 3 3 3 3 3 4 15 16 16 16 16 16 16 16 16 14 6 3 3 3 3 4 15 16 16 16 16 
16 16 14 6 3 3 3 3 3 3 3 3 4 15 16 16 16 16 16 16 16 14 6 3 3 3 3 4 15 16 16 16 16 16 16 16 16 16 16 8 3 3 3 3 7 16 16 16 16 16 
16 16 16 14 6 3 3 3 3 3 3 4 15 16 16 16 16 16 16 16 16 16 8 3 3 3 3 7 16 16 16 16 16 16 16 16 16 16 16 8 3 3 3 3 7 16 16 16 16 16 
16 16 16 16 14 6 3 3 3 3 4 15 16 16 16 16 16 16 16 16 16 16 8 3 3 3 3 7 16 16 16 16 16 16 16 16 16 16 16 8 3 3 3 3 7 16 16 16 16 16 
16 16 16 16 16 8 3 3 3 3 7 16 16 16 1 1 1 1 1 1 1 1 8 3 3 3 3 7 16 16 16 16 16 16 16 16 16 16 16 8 3 3 3 3 7 16 16 16 16 16 
16 16 16 16 16 8 3 3 3 3 7 16 16 16 1 1 1 1 1 16 16 16 8 3 3 3 3 7 16 16 16 16 16 16 16 16 16 16 16 8 3 3 3 3 7 16 16 16 16 16 
16 16 16 16 16 8 3 3 3 3 7 16 16 16 1 1 1 1 1 16 16 16 8 3 3 3 3 7 16 16 16 16 16 16 16 16 16 16 16 8 3 3 3 3 7 16 16 16 16 16 
16 16 16 16 16 8 3 3 3 3 7 16 16 16 1 1 1 1 1 16 16 16 8 3 3 3 3 7 16 16 16 16 16 16 12 10 10 10 10 11 3 3 3 3 9 10 13 16 16 16 
16 16 16 16 16 8 3 3 3 3 7 16 16 16 16 16 16 16 16 16 16 16 8 3 3 3 3 7 16 16 16 16 16 16 8 3 3 3 3 3 3 3 3 3 3 3 7 16 16 16 
16 16 16 16 16 8 3 3 3 3 7 16 16 16 16 16 16 16 16 16 16 16 8 3 3 3 3 7 16 16 16 16 16 16 8 3 3 3 3 3 3 3 3 3 33 3 7 16 16 16 
16 16 16 16 16 8 3 3 3 3 9 10 10 10 10 10 10 10 10 10 10 10 11 3 3 3 3 7 16 16 16 16 16 16 8 3 3 3 3 3 3 3 3 3 3 3 7 16 16 16 
16 16 16 16 16 8 3 3 3 3 3 3 3 3 3 3 3 3 3 3 3 3 3 3 3 3 3 7 16 16 16 16 16 16 8 3 3 3 3 3 3 3 3 3 3 3 7 16 16 16 
16 16 16 16 16 8 3 3 3 3 3 3 3 3 3 3 3 3 3 3 3 3 3 3 3 3 3 7 16 16 16 16 16 16 8 3 3 3 3 4 5 5 5 5 5 5 15 16 16 16 
16 16 16 16 16 8 3 3 3 3 3 3 3 3 3 3 3 3 3 3 3 3 3 3 3 3 3 7 16 16 16 16 16 16 8 3 3 3 3 7 16 16 16 16 16 16 16 16 16 16 
16 16 16 16 16 1 5 5 5 6 3 3 3 3 3 3 3 3 3 3 3 3 3 3 3 3 3 7 16 16 16 16 16 16 8 3 3 3 3 7 16 16 16 16 16 16 16 16 16 16 
16 16 16 16 16 16 16 16 16 14 5 5 6 3 3 3 3 4 5 5 5 5 6 3 3 3 3 7 16 16 16 16 16 16 8 3 3 3 3 9 10 10 10 10 10 10 10 10 13 16 
16 16 11 3 3 3 3 3 9 16 16 16 8 3 3 3 3 7 16 16 16 16 8 3 3 3 3 7 16 16 16 16 16 16 8 3 3 3 3 3 3 3 3 3 3 3 3 3 7 16 
16 8 3 3 3 3 3 3 3 16 16 16 8 3 3 3 3 7 16 16 16 16 8 3 3 3 3 7 16 16 12 10 10 10 11 3 3 3 3 3 3 3 3 3 3 3 3 3 7 16 
16 8 3 3 3 3 3 3 3 9 16 16 8 3 3 3 3 7 16 16 16 16 8 3 3 3 3 9 10 10 11 3 3 3 3 3 3 3 3 3 3 3 3 3 3 3 3 3 7 16 
16 8 3 3 3 3 3 3 3 3 7 16 8 3 3 3 3 7 16 16 16 16 8 3 3 3 3 3 3 3 3 3 3 3 3 3 3 3 3 3 3 3 3 3 3 3 3 3 7 16 
16 8 3 3 3 3 3 3 3 3 7 16 8 3 3 3 3 7 16 16 16 16 8 3 3 3 3 3 3 3 3 3 3 3 3 3 3 3 3 4 5 5 5 6 3 3 3 3 7 16 
16 8 3 3 3 3 3 3 3 3 7 16 11 3 6 3 3 7 16 16 16 16 8 3 3 3 3 3 3 3 3 3 3 3 3 4 5 5 5 15 1 1 1 8 3 3 3 3 7 16 
16 16 5 6 3 3 3 3 3 7 16 16 3 5 3 4 5 16 16 16 16 16 8 3 3 3 3 3 3 3 3 4 5 5 5 15 10 10 10 10 10 10 10 11 3 3 3 3 7 16 
16 3 11 3 3 3 4 5 5 16 16 16 8 3 11 3 7 16 16 16 16 16 8 3 3 3 3 4 5 5 5 15 16 16 16 8 3 3 3 3 3 3 3 3 3 3 3 3 7 16 
16 3 3 3 4 16 16 16 16 2 3 3 3 9 3 5 15 16 16 16 16 16 8 3 3 3 3 7 16 16 16 16 16 16 16 8 3 3 3 3 3 3 3 3 3 3 3 3 7 16 
16 16 8 3 7 16 16 3 3 10 10 3 3 3 2 16 16 16 16 16 16 16 8 3 3 3 3 7 16 16 16 16 16 16 16 8 3 3 3 3 3 3 3 3 3 3 3 3 7 16 
16 16 8 3 3 16 16 3 8 3 3 3 16 16 16 16 16 16 16 16 16 16 8 3 3 3 3 7 16 16 16 16 16 16 16 8 3 3 3 3 3 3 3 3 3 3 3 3 7 16 
16 16 14 5 5 3 16 2 2 16 16 16 16 16 16 16 16 16 16 16 16 16 8 3 3 3 3 7 16 16 16 16 16 16 16 8 3 3 3 3 3 3 3 3 3 3 3 3 7 16 
16 16 1 1 2 1 2 1 16 16 16 16 16 16 16 16 16 16 16 16 16 16 8 3 3 3 3 7 16 16 16 16 16 16 16 8 3 3 3 3 3 3 3 3 3 3 3 3 7 16 
16 16 16 16 16 16 16 16 16 16 16 16 16 16 16 16 16 16 16 16 16 16 16 16 16 16 16 16 16 16 16 16 16 16 16 16 16 16 16 16 16 16 16 16 16 16 16 16 16 16 
