16 16 16 16 16 16 16 16 16 16 16 16 16 16 16 16 16 16 16 16 16 16 16 16 16 16 16 16 16 16 16 16 16 16 16 16 16 16 16 16 16 16 16 16 16 16 16 16 16 16 
16 2 2 2 2 2 2 2 2 2 2 2 2 2 2 1 1 1 1 1 1 1 1 1 1 1 1 1 1 1 1 1 2 12 10 10 10 10 10 10 10 10 10 10 10 10 10 13 2 16 
16 2 16 16 16 16 16 16 16 16 16 16 2 2 2 1 1 1 1 1 1 1 1 1 1 1 1 1 1 1 1 1 12 11 3 3 3 3 3 3 3 3 3 3 3 3 3 9 13 16 
16 16 16 16 16 16 16 16 16 16 16 16 16 16 16 16 1 20 21 21 21 21 21 21 21 21 21 21 21 22 1 1 8 3 3 3 3 3 3 3 3 3 3 3 3 3 3 3 9 16 
16 16 16 16 2 16 16 16 16 16 16 16 16 16 16 16 1 23 32 32 32 32 32 32 32 32 32 32 32 24 1 12 11 3 3 3 3 3 3 3 3 3 3 3 3 3 3 3 3 16 
16 16 16 16 16 16 2 16 2 2 16 16 16 16 16 1 1 23 32 17 17 17 17 17 17 17 17 17 32 24 1 8 3 3 3 3 3 3 3 3 3 3 3 3 3 3 3 3 3 16 
16 2 16 16 16 16 16 16 16 16 16 16 16 16 16 1 1 23 32 17 17 17 17 17 17 17 17 17 32 24 1 8 3 3 3 3 3 3 3 3 3 3 3 3 3 3 3 3 3 16 
16 16 2 16 2 16 16 16 16 16 16 16 16 16 16 1 1 23 32 17 17 17 17 17 17 17 17 17 32 24 1 14 6 3 3 3 3 3 3 3 3 3 3 3 3 3 3 3 3 16 
16 16 16 16 16 16 16 2 16 16 16 16 16 16 16 1 1 23 32 17 17 17 17 36 17 17 17 17 32 24 1 1 8 3 3 3 3 3 3 3 3 3 3 3 3 3 3 3 3 16
16 2 2 2 16 16 16 16 16 16 16 16 16 16 16 1 1 23 32 17 17 17 17 17 17 17 17 17 32 24 1 1 14 6 3 3 3 3 3 3 3 3 3 3 3 3 3 3 3 16 
16 16 16 16 16 16 16 16 16 16 2 2 2 16 16 1 1 23 32 17 17 17 17 17 17 17 17 17 32 24 1 1 2 8 3 3 3 3 3 3 3 3 3 3 3 3 3 3 4 16 
16 16 2 2 2 16 16 16 1 16 16 1 16 16 16 1 1 23 32 17 17 17 17 17 17 17 17 17 32 24 1 1 2 14 5 5 5 5 5 6 3 3 3 3 3 3 3 3 7 16 
16 16 16 16 16 16 2 16 16 16 16 16 16 16 16 1 16 23 32 17 17 17 17 17 17 17 17 17 32 24 1 1 2 2 2 2 2 2 12 11 3 3 3 3 3 4 5 5 15 16 
16 2 2 2 16 16 16 1 1 1 1 16 16 16 16 1 16 23 32 32 32 32 32 3 32 32 32 32 32 24 1 1 2 2 2 2 2 2 8 3 3 3 3 3 3 9 13 2 2 16 
16 16 16 16 16 16 16 16 16 16 16 16 16 16 16 16 16 25 26 26 29 18 18 3 18 18 28 26 26 27 2 2 2 2 2 2 2 2 8 3 3 3 3 3 3 3 7 2 2 16 
16 16 16 16 16 16 2 16 16 16 16 16 16 16 16 16 16 2 16 16 23 19 19 3 18 18 24 1 16 16 2 2 2 2 2 2 2 2 8 3 3 3 3 3 3 3 7 2 2 16 
16 16 2 16 16 16 16 16 1 16 16 16 16 16 16 2 16 16 16 2 23 18 18 3 19 18 24 16 16 16 16 2 2 2 2 2 2 2 8 3 3 3 3 3 3 3 7 2 2 16 
16 2 16 16 16 16 16 16 16 16 16 16 16 16 16 16 16 16 16 1 23 18 18 3 18 19 24 16 16 16 16 2 2 16 16 16 2 2 8 3 3 3 3 3 3 3 7 2 2 16 
16 2 2 2 16 16 16 16 16 16 16 1 1 16 16 16 16 16 16 1 23 18 18 3 18 18 24 1 16 16 16 16 16 16 16 16 2 2 8 3 3 3 3 3 3 3 7 2 2 16 
16 16 16 16 16 16 16 16 16 2 16 16 16 16 2 2 16 16 16 1 23 18 18 3 18 18 24 1 16 16 16 16 16 16 16 16 2 2 8 3 3 3 3 3 3 3 7 2 2 16 
16 2 2 2 2 2 2 2 16 16 16 2 2 2 2 2 2 2 2 1 23 18 18 3 18 18 24 10 13 2 2 16 16 16 16 16 12 10 11 3 3 3 3 3 3 3 9 2 16 16 
16 2 2 2 2 2 2 2 12 10 10 10 10 10 10 10 10 10 10 11 3 3 3 3 3 3 3 3 9 10 10 10 10 10 10 10 11 3 3 3 3 3 3 3 3 3 3 16 16 16 
16 10 10 10 10 10 10 10 11 3 3 3 3 3 3 3 3 3 3 3 3 3 3 3 3 3 3 3 3 3 3 3 3 3 3 3 3 3 3 3 3 3 3 3 3 3 3 16 16 1 
16 3 3 3 3 3 3 3 3 3 3 3 3 3 3 3 3 3 3 3 3 3 3 3 3 3 3 3 3 3 3 3 3 3 3 3 3 3 3 3 3 3 3 3 3 3 3 16 16 1 
16 3 3 3 3 3 3 3 3 3 3 3 3 3 3 3 3 3 3 3 3 3 3 3 3 3 3 3 3 3 3 3 3 3 3 3 3 3 3 3 3 3 3 3 3 3 3 16 1 1 
16 3 3 3 3 3 3 3 3 3 3 3 3 3 3 3 3 3 3 3 3 3 3 3 3 3 3 3 3 3 3 3 3 3 3 3 3 3 3 3 3 3 3 3 3 3 3 16 1 1 
16 3 3 3 3 3 3 3 3 3 3 3 3 3 3 3 3 3 3 3 3 3 3 3 3 3 3 3 3 3 3 3 3 3 3 3 3 3 3 3 3 3 3 3 3 4 5 16 16 1 
16 3 3 3 3 3 3 3 3 3 4 5 5 5 6 3 3 3 3 3 3 3 3 3 4 5 5 5 5 5 6 3 3 3 3 3 3 3 3 3 3 3 4 5 5 15 2 16 16 16 
16 5 5 5 5 5 5 5 5 5 15 16 16 16 14 5 6 3 3 3 3 3 3 4 15 16 1 2 2 2 14 5 5 5 5 5 5 5 5 5 5 5 15 2 2 2 16 16 16 16 
16 16 16 16 16 16 16 16 16 16 16 2 16 16 16 16 14 6 3 3 3 3 4 15 16 16 16 16 2 2 2 2 2 1 1 1 1 1 1 1 1 2 2 2 1 16 16 16 16 16 
16 2 16 16 2 2 2 2 2 1 1 16 16 16 1 16 16 8 3 3 3 3 7 16 16 16 16 16 16 2 2 2 1 1 20 21 21 21 21 21 21 22 1 1 1 2 16 16 16 16 
16 2 2 2 2 2 2 2 2 2 2 2 1 2 16 16 16 8 3 3 3 3 7 16 16 16 16 16 16 16 16 2 2 1 23 19 19 18 18 18 18 24 1 1 1 16 16 16 16 2 
16 2 2 2 2 2 2 2 2 2 2 2 2 2 16 16 16 14 5 5 5 5 15 16 16 16 16 16 16 16 16 2 2 1 23 19 19 18 18 18 19 24 1 1 1 16 16 16 16 2 
16 2 2 2 2 2 2 2 2 2 2 2 2 2 1 1 1 1 1 1 16 16 16 16 16 16 16 16 1 16 16 2 1 1 23 18 18 19 18 18 18 24 1 1 1 16 16 2 16 2 
16 2 2 2 2 2 2 2 2 2 2 1 1 1 16 16 16 16 16 1 16 16 16 16 16 16 1 16 16 16 16 2 2 1 23 18 18 18 19 19 18 24 1 1 1 16 2 2 16 16 
16 2 2 2 2 2 2 2 2 2 1 16 16 16 16 16 16 16 16 1 16 16 16 16 16 16 16 16 16 16 16 2 2 1 23 18 18 18 18 19 18 24 1 1 2 16 16 16 16 2 
16 16 16 16 16 16 16 16 2 16 16 16 16 2 2 2 8 3 3 3 3 3 7 16 16 16 1 16 16 16 16 16 2 2 25 26 26 26 26 26 26 27 1 2 2 16 16 2 16 16 
16 2 16 16 16 16 16 16 16 16 16 16 16 2 2 2 8 3 3 3 3 3 7 16 16 16 16 16 16 16 16 16 16 2 1 1 1 1 1 1 1 1 1 16 2 2 16 2 2 2 
16 16 16 16 16 16 16 16 16 16 16 16 16 2 2 2 8 3 3 3 3 3 7 2 2 2 16 16 16 16 16 16 16 1 16 16 16 16 16 16 16 16 16 16 16 16 16 16 2 2 
16 16 2 2 16 16 16 2 2 16 16 16 16 32 32 32 32 32 32 34 32 32 32 32 32 32 2 16 16 16 16 16 2 2 2 2 16 16 16 16 16 16 16 16 16 16 2 16 16 2 
16 16 16 16 2 16 16 16 16 16 16 16 16 32 34 34 34 34 34 34 34 34 34 34 34 32 2 16 16 16 16 16 16 1 1 2 1 16 16 16 16 16 16 16 16 2 2 2 16 2
16 2 2 16 16 16 16 16 16 16 16 16 16 32 34 34 34 34 34 34 34 34 34 34 34 32 2 16 1 1 16 1 16 1 2 1 1 16 16 16 16 16 16 1 1 16 2 2 16 16 
16 2 2 16 16 16 16 2 16 16 16 16 16 32 35 35 35 34 34 34 34 34 35 35 35 32 2 16 16 1 1 1 1 1 2 2 1 1 16 16 16 16 1 1 1 1 2 2 1 16 
16 2 16 16 16 16 16 16 16 16 2 16 16 32 34 34 34 34 34 34 34 34 34 34 34 32 2 2 16 16 16 1 1 1 2 2 1 1 16 16 1 1 1 1 1 1 1 1 1 16
16 16 16 16 2 16 2 16 2 16 16 16 16 32 35 35 35 34 34 34 34 34 35 35 35 32 2 2 2 1 1 1 1 2 2 16 16 1 16 1 1 1 1 1 1 1 1 1 1 16
16 16 2 16 16 16 16 16 16 16 16 16 16 32 34 34 34 34 34 34 34 34 34 34 34 32 2 2 2 2 2 2 2 1 16 16 16 16 16 1 1 1 1 1 1 1 1 1 1 16
16 16 2 2 16 16 16 16 16 16 16 16 16 32 32 32 32 32 32 34 32 32 32 32 32 32 2 2 1 1 1 1 1 16 16 1 1 16 16 16 1 1 1 1 1 1 1 1 1 16
16 16 16 2 16 16 16 2 2 16 16 16 16 16 2 32 34 34 34 34 34 34 34 32 1 1 1 1 1 1 1 1 1 2 2 2 2 2 2 2 2 1 1 1 1 1 1 16 16 16 
16 2 16 16 16 16 16 16 16 16 16 16 16 16 16 32 34 34 34 34 34 34 34 32 1 1 1 1 1 1 16 16 16 16 16 16 16 16 2 16 16 16 16 16 16 16 16 16 1 16 
16 16 16 16 16 16 16 16 16 16 16 16 16 16 16 32 32 32 32 32 32 32 32 32 16 16 16 16 16 16 16 1 1 1 16 16 1 16 16 16 16 16 1 1 1 1 1 1 1 1 
